53.523157125269314
38.03568694213604
27.855820060018466
27.798502423822715
27.90278547245306
27.85044340566328
27.85044340566328
29.86876731301939
27.810477262234535
27.999062211449676
27.83483475684826
27.932911088027087
27.932911088027087
31.085621537396122
27.884884772237612
27.920101377346874
27.763803285626345
27.81151604339797
27.844783971991383
27.844783971991383
27.974259387503846
27.93110283933518
27.94854763004001
27.898587065250847
28.080611341951368
28.080611341951368
28.550684826100337
27.998090758694982
28.01840854878424
28.032894736842106
28.204461949830716
28.204461949830716
30.0413973530317
27.978187519236688
28.01541435826408
28.07461911357341
27.96012426900585
27.96012426900585
31.62186057248384
28.00235937980917
28.11647526161896
27.887196060326254
27.873170590951062
27.87143255617113
28.214304401354262
27.901825561711295
28.01111399661434
27.902817212988612
27.84363650353955
27.755587296091104
27.755587296091104
27.81683787319175
27.877051592797784
27.77384002770083
27.774243036318868
28.012430747922437
28.012430747922437
31.292088911972915
27.92588296398892
27.924987496152664
28.01038684979994
27.95662319175131
27.95662319175131
31.348567828562636
27.830944136657433
28.069962873191752
28.148698638042475
27.97774699907664
27.97774699907664
32.46302323791936
28.001891928285627
27.93961218836565
27.888932171437364
27.84710103108649
27.90917782394583
27.90917782394583
28.538304093567252
28.015438404124346
27.949354609110497
27.826366766697447
28.039459256694368
28.039459256694368
30.64124634502924
28.047737765466298
27.85970394736842
27.85387523084026
27.914008156355802
27.914008156355802
30.688589758387195
27.915569213604186
27.97270987226839
27.79767524622961
27.887636580486305
27.839418859649122
27.839418859649122
27.87714296706679
27.865908741151124
27.969085680209297
28.022911857494613
27.96482379193598
27.96482379193598
27.953178862726993
27.84317867036011
27.879756271160357
28.09936326562019
27.995542859341334
27.995542859341334
28.98835218528778
28.112672168359495
27.900189481378884
27.9837209526008
27.967900700215452
27.967900700215452
30.68820502462296
27.93022083718067
27.86890004616805
28.052249730686366
28.003351992920898
28.003351992920898
31.51425150046168
27.760008848876577
27.901368690366265
27.957616766697445
28.106209602954756
28.138193482610035
28.138193482610035
27.90595567867036
27.98774815327793
28.0073311018775
27.89646429670668
27.91204505232379
27.91204505232379
31.592786241920592
28.03455582486919
28.08221664358264
28.134261503539552
27.958694983071716
27.958694983071716
31.196341181902124
27.83215412434595
28.017039858417974
27.987255694059712
27.925205832563865
27.991630116959065
27.991630116959065
27.945357225300093
28.028590527854725
28.045092720837182
27.86089662203755
27.931526046475838
27.931526046475838
30.232939943059403
28.049308441058788
28.011769005847952
27.91338392582333
27.98876000307787
27.98876000307787
31.652968220991074
27.948807325330872
28.06360899507541
27.920374538319482
27.867194713758078
27.865830832563866
27.865830832563866
28.02819040473992
27.867829524469066
27.818202716220377
28.09139446752847
27.916094375192365
27.916094375192365
31.056633771929825
28.05107917820868
27.99023160972607
27.927268005540167
27.99279970760234
27.99279970760234
30.52995921822099
27.90319425207756
27.82094490612496
27.95199676823638
28.3618007463835
28.359450023084026
28.359450023084026
28.37714296706679
28.31500365497076
28.565188327177594
28.57395640966451
27.9978926208064
27.9978926208064
31.010759079716834
27.79015177746999
27.768233494921514
27.779872653124038
27.929539858417975
27.929539858417975
31.028134618344104
27.64690770236996
27.6740641351185
27.814293821175745
27.671227685441675
27.804028162511543
27.804028162511543
27.682357071406585
27.733711334256693
27.557254155124653
28.191302131425054
28.01111399661434
28.01111399661434
29.705958564173592
27.96248364881502
27.952609456755926
27.785234879963067
27.897132771622037
27.897132771622037
31.14620171591259
28.08504636041859
28.152475761772852
28.15430324715297
28.094872460757156
28.094872460757156
30.700149084333642
28.248924669128964
28.221831717451522
28.406288473376424
28.421772083718068
28.367803554939982
28.367803554939982
28.37917339950754
28.35908356417359
28.257908202523854
28.45122826254232
28.361246729763003
28.361246729763003
31.577885503231762
28.22148064789166
28.118203678054787
28.08102204524469
28.115011349646046
28.115011349646046
31.453427016004923
28.164475607879346
28.13488284856879
28.11294148199446
28.11714758387196
28.38380367036011
28.38380367036011
28.106424092028316
28.29371633579563
28.28412492305325
28.150909895352417
27.939438096337334
27.939438096337334
30.389423668821177
28.206916551246536
27.989106263465683
28.337590412434594
28.1737101800554
28.1737101800554
30.871032433056325
28.228506848261002
28.054618728839642
28.077756617420746
28.027255501692828
28.13170879501385
28.13170879501385
28.138192520775622
28.29085680209295
28.253033625730993
28.18201465835642
28.18285530163127
28.18285530163127
30.82576850569406
27.976397545398584
28.00468220991074
28.167062942443827
27.906228839642967
27.906228839642967
32.2792695829486
28.108649776854417
28.067201446598954
28.08742112957833
27.981965604801477
28.0204216682056
28.022864727608496
27.984911703601107
28.33206852108341
28.096750923361036
28.16458140966451
27.866969644506003
27.866969644506003
31.850080794090488
27.967807402277625
27.946296937519236
28.190376846722067
28.335711949830717
28.335711949830717
32.48522526161896
28.096594144352107
28.014623730378577
28.160068482610033
28.173975646352723
28.19323830409357
28.188998538011695
27.96833641120345
28.190712526931364
28.043713450292397
28.141371383502616
28.22961680517082
28.22961680517082
31.834024892274545
28.04584391351185
28.18309960757156
27.949628731917514
28.14857167590028
28.14857167590028
31.240315289319792
28.121705717143737
28.03331409664512
28.218368151738996
28.1566405047707
28.096534510618653
28.096534510618653
28.07904355186211
28.24535145429363
28.12102570021545
28.08779720683287
28.105818136349647
28.105818136349647
31.96671860572484
28.097125076946753
27.846096875961834
28.093851954447523
27.977778739612187
27.977778739612187
31.28056132656202
27.925545360110803
28.194051054170515
28.23115093105571
28.018184441366575
28.158774815327792
30.64792724684518
28.06030990304709
28.115830832563866
27.895459179747615
28.045607302246847
27.991652239150508
27.991652239150508
30.531637619267467
28.012676977531548
27.96747364573715
28.093053631886736
28.199506578947368
28.199506578947368
32.15004616805171
28.11780451677439
28.085464758387197
28.114571791320405
28.1359100877193
28.1359100877193
32.86057248384118
28.165178708833487
28.14627096799015
28.115796206525086
28.018874076638966
28.080435326254232
28.080435326254232
29.743135387811634
28.23691424284395
28.034501962142198
28.192356301939057
28.17301765927978
28.17301765927978
30.446152662357648
28.336729570637118
28.22977550784857
28.088608033240998
28.338372383810402
28.338372383810402
31.822207794706063
28.330194867651585
28.243267159125885
28.35361457371499
28.009784741458912
28.251524507540783
28.251524507540783
28.20544302092952
28.449876885195444
28.121312326869806
28.239354416743613
28.039373653431824
28.039373653431824
30.641047245306247
28.102951869806095
28.108801746691288
28.298324484456757
28.10137349953832
28.10137349953832
31.42981013388735
28.16629828408741
28.139011041859032
28.201058017851647
28.247328985841797
28.195058094798398
28.195058094798398
28.01983014004309
28.241990804863036
28.370951638965835
28.177168936595876
28.104710103108648
28.104710103108648
31.923111919052015
28.081868459526007
28.076171514312097
28.188135772545397
28.13347664666051
28.13347664666051
32.29633060172361
28.116970606340413
28.370967028316404
28.092807402277625
28.190472068328717
28.107962065250845
28.107962065250845
28.19862746229609
28.010529201292705
28.09375096183441
28.228215412434594
28.179632194521393
28.179632194521393
30.799070867959372
28.2573493767313
28.012818367189904
27.910318559556785
28.154440789473686
28.154440789473686
31.35874115112342
28.08774911511234
28.133415089258232
27.900627116035704
28.139218798091722
27.885392620806403
27.885392620806403
28.100841605109263
27.947656971375807
28.09193598030163
28.049128578024007
28.03590912588489
28.03590912588489
31.141760926438906
28.0884358648815
27.981124961526625
28.040792359187442
28.00973087873192
28.00973087873192
31.462310518621113
28.05219298245614
28.12984379809172
28.07501635118498
28.173228301015698
28.11026084949215
28.11026084949215
27.97268005540166
28.19175034626039
27.90717817020622
28.072387657740844
28.224287280701756
28.224287280701756
30.465213334872267
28.062102762388427
28.029696637426902
28.00949042012927
28.070476492767007
28.070476492767007
31.56770160049246
27.860168513388736
28.1451215758695
27.99900257771622
28.136166897506925
28.143579755309325
29.67208756540474
28.07553862726993
28.271847106802092
28.17676592797784
27.960668667282242
28.12045052323792
28.12045052323792
31.05664242843952
27.99936615112342
28.098517813173284
28.031809787626962
28.138540704832256
28.138540704832256
30.861728608802707
27.85948561095722
28.094117420744844
28.027051592797783
28.11266255001539
28.13571579716836
31.09865824099723
27.938603224068945
28.097367459218223
28.006648199445983
28.052442097568484
28.123608225607878
28.123608225607878
29.084905932594644
27.95946829793783
28.022003885811017
28.063228108648815
28.08918321021853
28.08918321021853
31.58900623268698
27.83594567559249
28.025894506001848
28.07321098799631
28.054749538319484
28.054749538319484
31.835610957217604
27.98319579101262
27.83054305170822
27.940488419513695
28.154348453370268
28.080361265004615
28.080361265004615
29.05610187750077
28.069741651277315
27.86956563558018
27.93659972299169
28.154459064327487
28.154459064327487
31.846671091104955
27.944086642043708
27.95023084025854
28.009184556786703
27.97582044475223
27.97582044475223
31.02553958910434
28.02877616189597
27.884317289935364
27.988670552477686
28.025088488765775
28.166930209295167
28.166930209295167
28.025893544167435
28.04885445521699
28.103049976915973
28.109388465681747
28.144446368113265
28.144446368113265
31.026060903354878
27.877123730378578
27.923846760541704
28.061364073561094
27.87017062942444
27.87017062942444
31.206453908895046
28.001480263157895
27.99978647276085
28.037993421052633
28.135465720221607
28.017691982148353
28.017691982148353
27.91155163127116
27.91610014619883
27.970816982148353
27.976548553401045
28.044580063096337
28.044580063096337
31.495733302554633
27.912800092336102
27.971098799630656
27.954360957217606
27.948556286549707
27.948556286549707
31.539928631886735
28.018132502308404
28.150722337642353
28.0695406278855
28.021247883964296
27.974158394890736
27.974158394890736
27.939418859649123
27.972410741766698
27.998880424746076
27.860499384425978
28.027174707602338
28.027174707602338
31.55701465835642
27.93249076638966
27.925706948291783
28.05281432748538
28.15106475069252
28.15106475069252
31.35003077870114
27.95225742536165
27.968917359187444
27.989617959372115
28.05675784856879
28.028543397968605
28.028543397968605
27.931586642043705
27.956584718374884
27.962286472760848
27.852840297014467
27.99121171899046
27.99121171899046
31.65654913050169
28.096236341951368
27.88781259618344
28.003426054170514
28.07498845798707
28.083442020621728
32.27112476915974
27.988862919359804
27.997959949215144
27.98441251154201
27.9346019929209
27.811179401354263
27.811179401354263
31.2094750307787
27.91573945829486
27.92845394736842
27.934630847953215
27.927819136657433
27.927819136657433
31.144314596799013
27.968744228993536
27.9964210141582
28.015206602031395
27.982565789473686
27.995508233302555
30.837032548476454
28.031205755617112
27.953652085257
28.177848953524162
28.16519602185288
27.974620075407817
27.974620075407817
31.034853993536473
27.796331563558017
27.85757540781779
28.04759445213912
27.959839566020314
27.959839566020314
31.491766697445367
28.067950715604802
27.792959372114495
27.961269813788856
28.06097837796245
28.388142505386273
29.585721568174822
27.831944444444446
27.84308248691905
27.995078293321022
28.060248345644816
27.954792820867958
27.954792820867958
30.050698291782087
28.169301131117265
27.975758887349954
27.871831717451524
27.983139042782394
27.983139042782394
29.506312519236687
28.002245883348724
27.92538088642659
27.819934018159433
27.962346106494305
27.962346106494305
31.108350646352722
28.024241112650046
28.0012263388735
28.076394659895353
28.0712392274546
28.077818174823022
28.077818174823022
27.91742266851339
27.967824715297013
27.951544706063405
27.996360418590335
28.110711949830716
28.110711949830716
30.955127539242845
28.065133502616188
28.32892909356725
28.072446329639888
28.033444906124963
28.033444906124963
30.73702100646353
28.049210333948906
28.182825484764543
28.216595490920284
28.142668898122498
28.19226204216682
28.19226204216682
28.11562307633118
28.2328485687904
28.27935326254232
28.3093297937827
28.13751442751616
28.13751442751616
31.093808671899048
28.238506078793474
28.173709218220992
28.003098068636504
28.034480801785165
28.034480801785165
32.021748037857805
28.132595606340413
28.091172283779624
28.031984841489688
28.14538415666359
28.097111611265003
28.097111611265003
28.080485341643584
28.212851069559864
28.161965220067714
28.287167205293937
28.10163800400123
28.10163800400123
32.00567001385041
28.143806748230226
28.16337142197599
28.14723376423515
28.1567222606956
28.1567222606956
31.21539127423823
28.10550073099415
28.08478570329332
28.00333948907356
28.133679593721144
28.097066405047705
28.097066405047705
28.048909279778393
27.877773930440135
27.8901527393044
27.96474299784549
28.0386811326562
28.0386811326562
31.231958871960604
27.994116458910433
28.004931325023083
27.975436672822408
27.967365920283164
27.967365920283164
31.81249903816559
28.110633079409048
28.06762273007079
28.163685941828255
28.21859899199754
28.220653470298554
28.220653470298554
28.19821579716836
28.157486919052015
28.233761349646045
28.004527354570637
28.116946560480148
28.116946560480148
30.831027816251154
28.16686672822407
28.243804824561405
28.122805093875037
27.92921764389043
27.92921764389043
30.659982879347492
27.84125115420129
28.08404893813481
28.06042243767313
28.056779970760235
28.056779970760235
30.691241535857188
27.924341143428748
27.88363727300708
28.100680978762696
28.16474203601108
27.900577100646352
27.900577100646352
28.02662165281625
28.095089835333948
28.02249634502924
28.04319694521391
28.035089642967066
28.035089642967066
31.505634425977224
27.990141197291475
27.848454332102186
28.01996287319175
28.013975453985843
28.013975453985843
32.092431325023085
27.930505540166205
28.0286155355494
28.2086574715297
27.964656432748537
27.948888119421362
27.948888119421362
27.94651719759926
28.055064058171745
27.932012734687596
27.994240535549398
27.922504039704524
27.922504039704524
31.372008694983073
27.922638696522007
27.890534587565405
27.89824946137273
28.205211218836563
28.205211218836563
31.004082025238535
28.050699253616497
28.0680141966759
27.985710026161897
27.883813288704218
27.935728301015697
27.935728301015697
27.984111457371498
28.122090450907972
27.94906605878732
27.933764235149276
28.28463661895968
28.28463661895968
31.488183864265928
28.148191751308094
28.073638042474606
28.013414704524468
28.051415820252384
28.051415820252384
31.56624730686365
28.030219875346262
27.97079485995691
27.92323311018775
28.03811653585719
28.19121171899046
28.19121171899046
28.04461565096953
28.136203447214527
27.947711795937213
28.083700754078176
27.95883060172361
27.95883060172361
28.535771583564173
28.048666897506926
28.064296706678977
28.168020929516775
27.992943982763926
27.992943982763926
33.20791012619267
30.67161338104032
30.657599453678056
30.54004789935365
30.806352916281934
30.806352916281934
33.13967951677439
28.101204216682056
28.049530624807634
28.50793321021853
28.126381194213604
28.126381194213604
32.950216412742385
28.112133541089566
28.170711180363188
27.827040050784856
27.884403855032318
27.71014639119729
27.66366670514004
28.013233879655278
27.902738342566945
27.9532067559249
27.67256174976916
27.779668744228992
27.779668744228992
30.40042609264389
27.746016081871346
27.638194444444444
27.696443136349647
27.949124730686364
27.949124730686364
31.379706255771005
27.78455582486919
27.685624422899355
27.840156586642042
27.829408087103726
27.763976415820252
27.763976415820252
27.701803439519853
27.747191443521082
27.702482494613726
27.78753558787319
27.696536434287474
27.696536434287474
30.84207640812558
27.507745652508465
27.644672399199752
27.55035972606956
27.80224299784549
27.80224299784549
30.483782510003078
27.65119748384118
27.68217047553093
27.761087065250848
27.94997018313327
27.993972183748845
27.993972183748845
27.91571925977224
28.002360341643584
27.959020083102494
27.968298899661434
27.880918167128346
27.880918167128346
31.727641197291476
27.867578485687904
27.99470029239766
28.011801708217913
27.880408394890736
29.542137003693444
29.542137003693444
27.877729686057247
27.87290993382579
28.01418705755617
27.994199176669746
27.91639831486611
27.91639831486611
31.9311682440751
27.862645236996
27.878024007386887
27.999126654355187
27.974270929516774
27.974270929516774
31.60590566328101
27.93129616805171
27.96225377039089
28.005163127116035
27.87615997229917
27.637340335487842
27.637340335487842
30.075582871652816
27.92169706063404
27.852513273314866
27.809499076638964
28.00127827793167
28.00127827793167
32.71664454447522
27.95155143890428
27.76882790858726
27.808977762388427
27.882502308402586
27.948268698060943
27.948268698060943
27.696871152662357
27.82628885811019
27.944422322253
27.858677670052323
27.79678939673746
27.79678939673746
31.455459372114497
27.913554170514004
27.77295225453986
27.881605878731918
27.81732937057556
28.04800707910126
28.04800707910126
27.75746479686057
27.94985091566636
27.91989265927978
27.971944252077563
27.85630193905817
27.85630193905817
30.893821175746382
27.918431632810094
27.879968836565098
28.01992920898738
27.916567597722377
27.916567597722377
30.858171745152355
27.932799515235455
28.068511465066173
27.880931632810096
27.96161799784549
28.04881694367498
28.04881694367498
30.23342759310557
28.348402393044015
28.067790089258235
28.160908164050475
28.016053978147124
28.016053978147124
32.216995614035085
28.126156124961526
28.10528239458295
28.4429141658972
28.349369998461064
28.23452312249923
28.23452312249923
28.24324407510003
28.116682056017236
28.242780470914127
28.165944329024317
28.225881040320097
28.225881040320097
32.898944867651586
28.275674245921824
28.2790608648815
28.371386388119422
28.117414973838105
28.334049899969223
28.334049899969223
27.981804016620497
28.140749076638965
28.208265043090183
28.32472299168975
28.177134310557093
28.177134310557093
32.37924457525392
28.040294128962756
28.21302419975377
28.24767620806402
28.275074061249615
28.275074061249615
31.748236957525393
28.05404451369652
28.181213450292397
28.138312750076945
28.3150796398892
28.395756386580487
28.395756386580487
32.13128077870114
28.097040435518622
28.202721029547554
28.330058287165283
28.124596029547554
28.124596029547554
31.304577369959986
28.01924149738381
28.30744556017236
28.25880559402893
28.12797399199754
28.18949676823638
28.18949676823638
27.8760811018775
27.847603108648816
27.854359033548786
27.81659549092028
27.69572656971376
27.69572656971376
31.327118921206527
27.962953985841796
27.785737919359804
27.934366343490304
27.819070290858726
27.88473472606956
27.88473472606956
27.919704139735302
27.84121460449369
27.882959179747616
27.942204332102186
27.79471375807941
27.79471375807941
31.051352339181285
27.865104647583873
27.736766120344722
27.97240304709141
27.917052362265313
27.956396198830408
32.186640120036934
27.870164858417976
27.839085103108648
27.80278354878424
27.8662607725454
28.01042243767313
28.01042243767313
31.598521660510926
27.778920437057558
27.87588584949215
28.029405201600493
28.023488958140966
28.023488958140966
31.646985610957216
27.85984918436442
27.81995614035088
27.764591028008617
27.972722376115726
27.894447329947678
27.894447329947678
32.25602108341028
27.802514235149278
27.91876538935057
27.949518120960295
27.966484879963065
27.966484879963065
32.41436692059095
27.908482417666974
27.876965989535243
27.866777277623886
27.658828678054785
27.944217451523546
27.944217451523546
30.518495113881194
27.92452677746999
27.844545437057555
27.963470490920283
27.813740766389657
27.813740766389657
32.24345375500154
27.84365285472453
28.06446502770083
27.82925611726685
27.92828947368421
27.96315116189597
27.96315116189597
27.771242112957832
27.90317501538935
28.006585680209295
27.904788011695906
27.892219721452754
27.892219721452754
31.412618305632503
27.890028662665436
27.844758964296705
27.88502616189597
27.74450023084026
27.763328139427514
31.925449176669744
27.97920706371191
27.88944963835026
27.998589950754077
28.046283471837487
27.959187442289934
27.959187442289934
32.860282971683596
27.908777700831024
27.85500346260388
27.804370575561713
27.77436134195137
27.77436134195137
31.892986303477993
27.785567674669128
27.856717451523547
27.88146064173592
27.96765447060634
27.76611842105263
27.76611842105263
27.95308748845799
27.995116766697446
27.81916070329332
28.071942328408742
28.02199042012927
28.02199042012927
31.465712526931362
27.925268351800554
27.838161742074483
28.03553689596799
28.00091374269006
28.009061441982148
30.3670148507233
27.743461449676822
27.990432633117884
27.94753289473684
27.818642274546015
27.859318251769775
27.859318251769775
30.497232802400738
28.028607840874116
28.037153739612187
28.137364381348107
27.968378731917515
27.968378731917515
31.856224030470916
27.8872999384426
28.053792513080946
28.013248307171438
27.90593740381656
27.8472655047707
27.8472655047707
27.8276527393044
27.79268813481071
27.92889350569406
27.944868613419512
27.928563596491227
27.928563596491227
32.17230301631271
27.873475492459217
27.859039319790703
28.01994075100031
27.93789146660511
27.93789146660511
31.064241882117575
27.889263042474607
27.83643236380425
27.987108533394892
27.90844298245614
28.05929709141274
28.05929709141274
27.971910587873193
27.849462334564482
27.856485649430596
27.840851031086487
27.788019390581717
27.788019390581717
31.30058768082487
27.958962373037856
27.874676823638044
27.86894429055094
27.86742940135426
28.82516543551862
30.258858494921515
27.80819579101262
27.95158798861188
27.828247152970146
27.709874192059097
27.959937673130195
27.959937673130195
32.565596144967685
27.84651527393044
27.86788338719606
27.863064596799013
27.883808479532163
27.883808479532163
32.345313942751616
27.83782221452755
27.774743190212373
27.826434095106187
27.930379539858418
27.888455101569715
27.888455101569715
28.204948638042474
27.71341278085565
27.94931325023084
27.8438500307787
27.859937673130194
27.859937673130194
32.04180228531856
27.889817059095105
27.854930363188675
27.851035895660203
27.866161703601108
27.866582025238536
29.890519198214836
27.98957756232687
27.848210987996307
27.834449061249614
27.93512523084026
28.000010580178518
28.000010580178518
31.90649622960911
27.844161665127732
28.03335930286242
27.92162877039089
27.95062134502924
27.95062134502924
32.87521352723915
27.8882540781779
27.882484995383194
27.998174438288704
27.965793321021852
27.995396660510927
27.995396660510927
27.855209295167743
27.90603551092644
27.972110649430594
27.88445771775931
27.859578908895045
27.859578908895045
31.099551785164667
27.94757713911973
28.006308671899045
27.774763388734996
28.169033741151125
28.215370113881193
30.98156259618344
27.94090297014466
27.817268775007694
27.92076215758695
27.842155278547246
27.84679516774392
27.84679516774392
31.234626038781162
27.86037819329024
27.979264773776546
28.011514119729146
27.90500730994152
27.90500730994152
30.823961218836565
27.936068790397044
27.858175592489996
27.782860110803323
27.955587296091107
27.98732398430286
27.98732398430286
27.922547322253
27.808893120960295
27.972015427823944
27.786104378270238
27.75509098953524
27.75509098953524
31.023050361649737
27.92920321637427
27.770229301323486
27.941349261311174
27.7951946752847
27.7951946752847
31.899107417666976
27.91392062942444
27.853473184056632
27.874744152046784
27.84970279316713
27.936227493074792
27.936227493074792
30.812216258848878
27.85530259310557
27.851579332102187
27.944150123114806
27.860907202216065
27.860907202216065
31.024392120652507
27.873082102185286
27.82298784241305
27.729334025854108
27.87131905971068
27.95518524930748
27.95518524930748
27.979975569405973
27.897995537088335
27.886839219759928
27.980078485687905
28.018752885503233
28.018752885503233
32.004869767620804
28.09905451677439
27.96132271468144
27.89742997845491
27.85580659433672
28.85425515543244
29.63995460141582
28.107615804863034
27.901175361649738
27.970156201908278
27.81873653431825
27.857298399507542
27.857298399507542
32.15621922129886
27.827069867651584
28.05968663434903
27.900356840566328
27.807274353647276
27.807274353647276
32.26875
27.87586949830717
27.890353762696215
27.934744344413666
28.05996460449369
27.879893813481072
27.879893813481072
27.902430555555554
27.956222106802095
27.950642505386273
27.953276969836875
27.873340835641734
27.873340835641734
33.09750692520775
27.804211872883965
27.821558556478916
27.905194867651584
27.728804055093875
28.81356378885811
28.81356378885811
27.88480493998153
27.669559864573714
27.8105647891659
28.003555901815943
27.939886311172668
27.939886311172668
31.895964142813174
27.873432209910742
27.830117920898736
27.87027546937519
27.932368613419513
27.932368613419513
31.948538011695906
27.92820387042167
27.8016533933518
27.689751654355184
27.84358744998461
27.826202293013235
27.826202293013235
32.35979916897507
27.912023891966758
28.012346106494306
27.928410664819946
27.801019544475224
27.801019544475224
30.999441174207448
27.934954986149584
27.977049669128963
27.8826850569406
28.020440904893814
27.872862803939675
27.872862803939675
28.559024892274547
27.868754809172053
27.714108187134503
27.953874269005848
28.00039339027393
28.00039339027393
31.73876096491228
27.707749499846106
27.81857206063404
28.025061557402278
27.948714027393045
28.331657817790088
28.331657817790088
27.880192943982763
27.891661857494615
27.73915627885503
27.85831409664512
27.87092566943675
27.87092566943675
31.801958294859958
27.72789512157587
27.86166801323484
27.808633425669438
27.784992497691597
27.784992497691597
30.938945637119115
28.000863727300707
27.87621383502616
27.935681171129577
27.713176169590643
27.96496806709757
27.96496806709757
28.966319444444444
27.87699676823638
28.008024584487536
27.842102377654662
27.871027623884274
27.871027623884274
30.848422591566635
27.938872537703908
27.881493344105877
27.85501789012004
27.89777335333949
27.912931863650353
27.912931863650353
27.865798130193905
27.946299823022468
27.993746152662357
27.94538608033241
27.89310845644814
27.89310845644814
32.38541281932903
27.778657856263465
27.87470086949831
27.964895929516775
27.851658202523854
28.22213661895968
30.738959102800862
27.741185749461373
27.813911011080332
27.822193367189904
27.764399622960912
27.769032779316714
27.769032779316714
31.92364285164666
27.802944175130808
27.977314173591875
27.883385272391504
27.98380463219452
27.98380463219452
31.228022083718066
27.88399699907664
27.923991035703292
27.732958217913204
27.801680324715296
27.85417243767313
27.85417243767313
31.49290070021545
27.9630540166205
27.923650546321944
27.890976069559866
27.77046879809172
27.77046879809172
31.95875461680517
27.897630040012313
27.944495421668204
27.887903008618036
28.02159702985534
28.001351377346875
28.001351377346875
27.803596298861187
27.819757040627884
28.032096414281316
27.95595567867036
27.94982206063404
27.94982206063404
31.001593759618345
27.921372922437673
28.07078235610957
27.928504924592183
28.02303497229917
28.026660126192674
31.822702177593104
28.022648314866114
28.12269640658664
28.12956294244383
27.89633060172361
27.872114496768237
27.872114496768237
31.02162588488766
27.838472414589106
28.02956486611265
27.83483379501385
27.890298938134812
27.890298938134812
31.82154509079717
27.972210680209294
28.140098876577408
28.04043167128347
27.82071695136965
27.858957563865804
27.858957563865804
27.860790820252387
28.045070598645736
27.945131194213605
27.90112726992921
27.879785126192676
27.879785126192676
32.037571175746386
27.912665435518623
27.747387657740845
27.912764504462913
27.835232956294245
27.835232956294245
31.77069771468144
28.014157240689443
27.965536511234227
27.668808671899047
27.868054593721144
28.018592259156662
28.018592259156662
28.170593836565097
28.056104763004
28.035985110803324
28.175481879039705
27.971689365958756
27.971689365958756
32.11093798091721
27.914832448445676
28.0281432748538
27.81860283933518
27.90786876731302
28.18716143428747
29.347814712219144
27.87405259310557
27.78680170821791
27.911162088334873
27.928262542320713
28.070205255463218
28.070205255463218
31.12506540473992
28.0059864573715
27.907635041551245
27.94225915666359
28.00685595567867
28.00685595567867
31.489832448445675
27.90525546321945
27.78864362111419
28.104197445367806
27.8938500307787
27.894577177593106
27.894577177593106
28.021712449984612
27.808076523545708
28.095308171745152
27.976494690674052
27.75981744382887
27.75981744382887
31.447782971683594
27.95111572791628
27.858269852262236
27.93194155894121
28.086544898430287
28.956288473376425
28.956288473376425
27.92550688673438
27.873261965220067
28.025962796244997
27.96107456140351
27.984895352416128
27.984895352416128
31.93440770236996
27.90798418744229
28.022880116959065
27.993775969529086
27.84900161588181
27.84900161588181
30.523353339489073
27.98404989996922
27.96058594952293
27.892709295167744
28.05618267159126
27.939143775007693
27.939143775007693
27.9597020236996
27.80429843798092
27.984363457987072
27.7915243151739
27.924029509079716
27.924029509079716
31.39927862419206
28.07923784241305
27.897767582333024
28.021095914127425
27.945739073561096
28.16451504309018
28.847502116035702
28.086462180670974
28.01908952754694
27.942400546321945
27.885971645121575
27.861835372422284
27.861835372422284
31.46351184979994
27.957308979686058
27.9486284241305
27.937020044629115
27.9066222299169
27.9066222299169
30.535678285626346
28.09674322868575
27.877214142813173
27.86725915666359
27.956543359495228
27.87064962296091
27.87064962296091
27.819967682363803
27.872077947060635
27.869349222837798
27.906995421668206
27.934243228685748
27.934243228685748
30.838149238227146
27.877167974761466
27.96551438904278
27.797307825484765
27.9276979455217
27.9276979455217
31.699761465066175
27.87707756232687
27.872998422591568
27.84062884733764
27.75212661588181
27.84293532625423
27.84293532625423
27.919593528778087
27.853457794706063
27.744808017851646
27.884747229916897
27.80142255309326
27.80142255309326
31.394200138504154
27.859510618651893
27.860447445367804
27.869164550630963
27.712296091104957
27.712296091104957
31.28294956140351
27.82199234379809
27.888061711295784
27.802807594644506
27.8684681825177
27.717141812865496
27.717141812865496
30.91900680978763
27.821767274546016
27.766449292089874
27.807308017851646
27.880914319790705
27.880914319790705
31.465439365958755
27.97971106494306
27.724028547245307
27.801580293936595
27.92917243767313
27.910772545398583
27.910772545398583
27.875053862726993
27.973771737457678
27.92058133271776
27.91254809172053
27.843394121268084
27.843394121268084
31.669179939981532
28.008925823330255
27.828033625730995
27.951710141582026
27.829457140658665
27.829457140658665
31.619202062172977
27.806211526623578
27.794509849184365
27.82724492151431
27.89867555401662
27.933808479532164
27.933808479532164
27.76261253462604
28.12492016774392
27.858349684518313
27.89569579101262
27.80682325330871
27.80682325330871
31.7473020544783
27.834270160049247
27.91461122653124
27.92331678978147
27.846313288704216
28.50788704216682
28.50788704216682
27.8754905355494
27.927616189596797
27.894500230840258
27.77318117112958
27.876824599876887
27.876824599876887
29.732773545706372
27.851987149892274
27.749307479224377
27.897033702677746
28.016217489996922
28.016217489996922
31.539973838104032
27.757970721760543
27.965073868882733
27.743449907663898
27.79685768698061
27.79685768698061
30.157508079409048
28.01308479532164
27.798878501077255
27.90228820406279
27.858602646968297
28.051937134502925
28.051937134502925
30.61778335641736
27.843844259772236
27.968201754385966
27.945425515543246
27.772180863342566
27.772180863342566
31.486247691597416
27.857141620498616
27.683160203139426
27.803626115727916
27.771311365035395
27.95487169128963
27.95487169128963
27.87709679901508
27.881173053247153
27.8413425284703
27.936923861188056
27.88473376423515
27.88473376423515
31.37568963527239
27.870132156048015
27.829067597722375
27.803253885811017
27.9083756540474
27.9083756540474
31.907399392120652
27.899112226839026
27.817331294244383
27.89841393505694
27.914982494613728
27.82805959526008
27.82805959526008
30.266537780855646
27.89637099876885
27.881832871652815
27.928428939673747
27.921950023084026
27.921950023084026
30.774063173284087
27.69443290243152
27.83765004616805
27.88681325023084
27.923464912280703
27.91657144506002
27.91657144506002
27.875577100646353
27.82927246845183
27.883888311788244
28.08362188365651
27.833876769775316
27.833876769775316
30.86629828408741
27.850123114804557
27.783059210526314
27.797381886734378
27.81106109572176
27.81106109572176
31.731817482302247
27.684693367189904
27.890502847029854
27.989143775007694
28.02585026161896
27.986717066789783
27.986717066789783
28.644751269621423
27.83697676208064
27.8847385734072
27.74669513696522
27.88897064481379
27.88897064481379
31.135464758387197
27.679769736842104
27.87285895660203
28.036135156971376
27.85983475684826
27.94073849646045
27.94073849646045
27.8621912511542
27.866671475838718
27.948721722068328
27.79950754078178
27.786611265004616
27.786611265004616
30.53408067867036
27.834411549707603
27.79235918744229
27.746330601723606
27.732482109879964
27.732482109879964
31.672845490920285
28.04695194675285
28.016388696522007
28.02398911203447
27.686672822406894
27.888448368728838
27.888448368728838
27.908826754385966
27.782438827331486
27.921692251461987
27.76177958602647
27.883862342259157
27.883862342259157
31.426602416128038
27.854134926131117
27.71935595567867
27.87481917513081
27.840075792551556
27.840075792551556
30.27786241920591
27.815911626654355
27.795624615266235
27.77349472914743
27.859444252077562
28.038231955986458
28.038231955986458
30.999448868882734
27.89759637580794
27.80258829639889
27.84888523391813
27.849369036626655
27.849369036626655
31.418654778393353
27.841415627885503
27.891792666974453
27.71215662511542
27.83722587719298
27.88098838104032
27.88098838104032
28.01099665281625
27.836465066174206
27.72226742843952
27.753142313019392
28.06629347491536
28.06629347491536
32.144825330871036
27.87143544167436
27.933767120652508
27.95490920283164
27.98402777777778
28.438714796860573
29.448367767005234
27.854819752231457
27.821177670052325
27.917181248076332
27.861594913819637
28.02426131117267
28.02426131117267
32.923620729455216
27.798354301323485
27.93414512157587
27.88115093105571
27.83813961988304
27.83813961988304
30.73295148507233
27.857562903970454
27.86014639119729
27.804148391812866
27.79442424592182
27.980466104955372
27.980466104955372
28.74435210834103
27.639404432132963
27.900586718990457
28.064488111726686
27.697819521391196
27.697819521391196
31.94839854570637
27.914818020929516
27.99885253154817
27.874027585410897
27.86122556940597
28.023220606340413
28.023220606340413
27.80294513696522
27.875562673130194
27.81235572483841
27.837493267159125
27.96207583102493
27.96207583102493
31.28113554170514
27.950925284702986
27.84275161588181
27.809811672822406
27.723106148045552
27.723106148045552
31.119460795629426
27.727924938442598
27.716830178516467
27.747309749153587
27.774765312403815
27.888160780240074
27.888160780240074
30.488835987996307
27.831323099415204
27.933814250538628
27.92630617112958
27.85222376115728
27.85222376115728
31.674956717451522
27.836820944906126
27.92882713911973
27.930108302554633
27.85141004924592
27.953102877808558
27.953102877808558
27.815057517697753
27.751366766697444
27.810192559249
27.774990381655893
27.847748345644813
27.847748345644813
32.35443598030163
27.838127116035704
27.816123230224683
27.87244632963989
27.85979916897507
28.61022718528778
31.06717740073869
27.888248307171438
27.834777046783625
27.97738534933826
27.85592201446599
27.90405990304709
27.90405990304709
32.551335026161894
27.90174957679286
27.771527777777777
28.06806613573407
27.968361418898123
27.968361418898123
31.93211372730071
27.878851184979993
27.842401508156357
27.924079524469068
27.84588046321945
27.963425284702986
27.963425284702986
27.86748807325331
27.84839469836873
28.01374365189289
27.802018890427824
27.832875500153893
27.832875500153893
30.725542474607572
27.861784395198523
27.972681979070483
27.860105994152047
27.83123364881502
27.83123364881502
32.17448349492152
27.844098184056634
27.807159895352417
27.951476415820252
27.819853224068943
27.857739881502
27.857739881502
30.24639889196676
27.859812634656816
