17.90252096799015
9.908952754693752
9.836294821483534
9.836294821483534
9.867226454293629
9.972476146506617
9.854192636195753
9.909893428747306
9.944276123422592
9.944276123422592
11.08129809172053
9.827452677746999
9.899004501385042
9.897668513388735
9.86271448907356
9.86271448907356
10.534222068328717
9.901562980917205
9.846251731301939
9.946057440751
9.842419783010158
9.842419783010158
10.930343951985225
9.840732725453986
9.75973664973838
9.904945752539243
9.985117536164974
9.91593471068021
9.91593471068021
10.179031048014775
9.808218875038474
9.883076523545707
9.90152258387196
9.871437365343182
9.871437365343182
11.07279355186211
9.882829332102185
9.77488457987073
9.751407163742691
9.741562788550324
10.047173168667282
10.186622807017544
9.77311865189289
9.754329216682056
9.746330601723606
9.84546783625731
9.786196714373654
9.786196714373654
11.092991112650045
9.878155778701139
9.868174823022468
9.951389850723299
9.839484264389043
9.839484264389043
10.999497922437673
9.969057787011389
9.859514465989536
9.959297091412742
9.917905509387504
9.918779816866728
10.032832217605417
10.021173822714681
9.997080832563865
9.787837603878117
9.8137446137273
9.735788896583564
9.735788896583564
10.824535433979687
9.67648795783318
9.707597530009233
9.78403162511542
9.745612111418898
9.745612111418898
10.83136445829486
9.666479108956603
9.749073753462604
9.832611957525392
9.886319829178209
9.886326562019082
11.318933710372422
9.842176438904279
9.88386811326562
9.91978012465374
9.774783587257618
9.799393082486919
9.799393082486919
9.81102550784857
9.755607494613727
9.867352454601416
9.80161972914743
9.965250846414282
9.965250846414282
11.19371825946445
9.901803439519853
9.733492997845492
9.898157125269314
9.926039742997846
9.926039742997846
10.62401796706679
9.783338142505386
9.933964296706678
9.837700061557403
9.891251154201292
9.890521121883657
9.890521121883657
11.004077216066483
9.89033164050477
9.814518890427824
9.934285549399815
10.072212603878116
10.072212603878116
10.951793821175746
9.935434941520468
9.909609687596184
9.833808479532165
9.818445098491843
10.011022622345337
10.011022622345337
9.853444329024315
9.774216104955372
9.912867420744844
9.899291128039398
9.9456486611265
9.9456486611265
11.09990381655894
9.926246537396121
9.822056786703602
9.90353570329332
9.910124269005848
9.910124269005848
10.756418321021853
9.822974376731302
9.917867997845491
9.783856571252693
9.851589912280701
9.922095260080024
9.922095260080024
9.849854763004002
9.781079755309326
9.826322522314559
9.774376731301938
9.844852262234534
9.844852262234534
11.343982763927363
9.926876538935057
9.95292782394583
9.807636965220068
9.731775161588182
10.129240727916281
10.210480147737766
9.761622807017543
9.955141004924592
9.927800861803632
9.857238765774085
9.82504905355494
9.82504905355494
9.815537473068636
9.786658394890736
9.968785587873192
9.852300707910127
9.859012388427209
9.859012388427209
10.613932171437366
9.767649661434287
9.808441058787318
9.980756578947368
9.951510080024622
9.951510080024622
10.358632463835026
9.884333641120344
9.907274353647276
9.970993959679902
9.835026161895968
9.835026161895968
11.16873461064943
9.848783279470606
9.781562596183441
9.869892659279778
9.61603185595568
9.631165358571868
9.631165358571868
9.5222837796245
9.91325311634349
10.003675169282856
9.981270198522623
9.763119421360418
9.763119421360418
10.935455140043091
9.893154624499847
9.931166320406279
9.774762426900585
9.875236611265004
9.875236611265004
11.139622768544168
9.886662242228377
9.82370537088335
9.867770852570022
9.99572753154817
9.848106148045552
9.848106148045552
10.900739650661743
9.845384156663588
9.9037790473992
9.934439442905509
9.797882040627886
9.797882040627886
10.855273738073253
9.82356205755617
9.741930209295168
9.60822945521699
9.572291474299785
9.589636234225916
10.383628616497385
9.706421206525084
9.95557863958141
9.931696291166514
9.872173168667283
9.866784972299168
9.866784972299168
10.552119883040936
9.838136734379809
9.865343182517698
9.870344721452755
9.713019390581717
9.713019390581717
11.093202716220375
9.64106648199446
9.53970933364112
9.492168744228994
9.930482456140352
10.090763504155124
10.187085449369036
9.770805440135426
9.888489727608494
9.94810326254232
9.910423399507541
9.98753270236996
9.98753270236996
11.086227493074793
9.795941058787319
9.90955486303478
9.924678747306864
9.834847260695598
9.834847260695598
10.816400238534934
9.828291397353032
9.844320367805478
9.957741805170821
9.837703908895044
9.798865997229917
9.762913588796552
9.980535357032933
9.8497547322253
9.877140081563558
9.994236688211757
9.94553324099723
9.94553324099723
10.920193713450292
9.815034433671899
9.852693136349647
9.789816097260696
9.612902046783626
9.612902046783626
10.634673168667282
9.922746421975992
9.862145083102494
9.895018659587565
9.86163050169283
9.87624172822407
9.87624172822407
10.017548668821176
9.876590874115113
9.762770275469375
9.93728839642967
9.954933248691905
9.954933248691905
10.833187134502923
9.78553689596799
9.886166897506925
9.829240727916282
9.72040146968298
9.72040146968298
11.201863073253309
9.797961872883965
9.870348568790398
9.907042551554325
9.796392159125885
9.659999230532472
9.659999230532472
9.814515043090182
9.82169513696522
9.930454562942444
9.856530855647891
9.772778162511543
9.772778162511543
10.677588296398891
9.883700754078179
9.79072310710988
9.912939558325638
9.92068136349646
9.921852877808556
10.671435441674362
9.758079409048937
9.890848145583256
9.769865727916281
9.74671244998461
9.762525007694675
9.762525007694675
9.73087296091105
9.82583198676516
9.84720394736842
9.93807132963989
9.877908587257618
9.877908587257618
10.875931055709449
10.017360149276701
9.876340797168359
9.853530894121269
9.942547706986765
9.942547706986765
11.273367767005233
9.871585487842413
9.856204793782702
9.956924245921822
9.969243421052632
9.961407356109572
9.961407356109572
9.761608379501386
9.952943213296399
9.920724646044937
9.727086218836565
9.793140196983687
9.793140196983687
10.754506194213604
9.874234379809172
9.90523622653124
9.821544128962758
9.768971221914436
9.768971221914436
10.636234225915667
10.007875500153894
9.79162242228378
9.763766735918745
9.815142159125886
9.478327947060635
9.478327947060635
9.592356301939057
9.577758541089565
9.622058710372423
9.764143775007694
9.972686788242536
9.972686788242536
10.72637253770391
9.82788165589412
10.039500615574022
9.78730474761465
9.765611534318252
9.765611534318252
10.791080909510619
9.833569944598338
9.757907240689443
9.92585218528778
9.76362726992921
9.818417205293937
9.818417205293937
9.727335333948908
9.71169879193598
9.762903008618036
9.847756040320098
9.908024584487535
9.908024584487535
10.73571675900277
9.874595067713143
9.884139350569406
9.828101915974147
9.84697406894429
9.84697406894429
10.82262811634349
9.746623961218837
9.860508040935672
9.881106686672823
9.97143544167436
9.980013080947984
9.980013080947984
9.832569636811327
9.88854647583872
9.886933479532164
9.927566174207449
9.797817597722377
9.797817597722377
11.011990227762388
9.962427862419206
9.791971568174823
9.590586526623577
9.602080447830101
9.602080447830101
11.010859110495536
9.86015985687904
9.818180594028933
9.846404662973223
9.839138004001232
10.039550630963374
10.039550630963374
10.041277123730378
9.86197772391505
9.633945060018467
9.660475338565712
9.66256540473992
9.66256540473992
10.720887196060326
9.530685403200986
9.804116651277315
9.78718932748538
9.826754385964913
9.826754385964913
11.072923399507541
9.634541397353031
9.588379116651277
9.758599761465065
9.803277931671284
9.713554170514005
9.713554170514005
9.558916204986149
9.498160972606955
9.583669975377038
9.725694444444445
9.830883541089566
9.830883541089566
11.04576408125577
9.762071983687289
9.929604301323485
9.877704678362573
9.877185287780856
9.877185287780856
11.083203485687903
9.466691674361343
9.523750577100646
9.594664704524469
9.735063673437981
9.645830447830102
9.645830447830102
9.874523891966758
9.929795706371191
9.982220490920284
9.879687980917206
9.925990689442905
9.925990689442905
11.088886965220068
9.999337296091104
9.888601300400124
9.965664435210835
9.835827369959988
9.835827369959988
11.138064596799016
9.730392043705756
9.62360918744229
9.594605070791012
9.832725453985843
9.89080582486919
9.89080582486919
9.6992824715297
9.77364381348107
9.87228570329332
9.766763811942136
9.824742228377962
9.824742228377962
10.849288242536165
9.82766812865497
9.614127423822715
9.592968028624192
9.667465951061866
9.667465951061866
10.98831948291782
9.64478301015697
9.679936134195136
9.734991535857187
9.552097760849492
9.615647122191444
9.615647122191444
9.710302208371807
9.66830755617113
9.62846837488458
9.673080178516466
9.557943790397045
9.557943790397045
10.842861265004617
9.575971452754693
9.637576946752848
9.791469490612496
9.585577293013236
9.585577293013236
10.879773584179748
9.628625153893505
9.533226569713758
9.64615458602647
9.55813423361034
9.611782471529702
9.611782471529702
9.874633541089565
9.80824484456756
9.73928420283164
9.82681594336719
9.895373576485072
9.895373576485072
10.967433248691906
9.762094105878733
9.581639542936289
9.623308133271776
9.708308325638658
9.708308325638658
11.104621614342875
9.741280009233611
9.764540050784857
9.693007463835027
9.67280701754386
9.563767697753155
9.563767697753155
9.73277354570637
9.684238419513697
9.742499615266237
9.68956121114189
9.65685499384426
9.65685499384426
10.551002231455833
9.639221683594952
9.620291820560173
9.815857763927362
9.833352570021544
9.833352570021544
11.009192251461988
9.870494767620807
9.96560768698061
9.806778047091413
9.965366266543551
9.921634541397353
9.921634541397353
9.896327716220375
9.692322637734687
9.748640927977839
9.515130617112957
9.73406432748538
9.73406432748538
10.94163781163435
9.709950176977532
9.796975992613111
9.91155259310557
9.67712757771622
9.67712757771622
10.756930016928285
9.726268659587566
9.840563442597722
9.898572637734688
9.784269198214835
10.000656932902432
10.000656932902432
9.978577062172976
9.950521314250539
9.892175477069868
9.822169321329639
9.824422899353648
9.824422899353648
10.967475569405972
9.686241920590952
9.525985880270852
9.611824792243768
9.643728839642968
9.643728839642968
10.444732994767621
9.718528778085565
9.770972799322868
9.90898160972607
9.855863342566943
9.734699138196367
9.734699138196367
9.87985918744229
9.752032356109572
9.841398314866113
9.629685095413974
9.818548976608188
9.818548976608188
10.880816212680825
9.937595221606648
9.775655971068021
9.903650161588182
9.837247999384426
9.837247999384426
11.133471837488457
9.925283741151123
9.939640081563558
10.011009156663588
9.9979378270237
9.863978339489073
9.863978339489073
10.009814558325639
9.746265196983687
9.724478685749462
9.520760233918129
9.696452754693752
9.696452754693752
10.862998230224685
9.65551515851031
9.757211834410588
9.792393813481072
9.763566674361343
9.763566674361343
10.912724107417667
9.929895737149891
9.946771121883657
9.873030163127115
9.839146660510927
9.72521352723915
9.72521352723915
9.807716797476147
9.611337142197598
9.575776200369344
9.720204293628809
9.841019352108342
9.841019352108342
11.132047360726377
9.793854839950754
9.832782202216066
9.771982725453986
10.011797860880272
10.011797860880272
11.039205332409972
10.098767890120037
9.794068367189904
9.938558017851646
9.868942366882118
9.723650546321945
9.723650546321945
9.592696791320407
9.66971664358264
9.701542782394583
9.975708871960602
10.028071137273008
10.028071137273008
10.93934864573715
10.009980955678671
9.83088931209603
9.80935961064943
9.852234341335796
9.852234341335796
10.737292243767312
9.685070406278856
9.590502847029855
9.797899353647276
9.797376115727916
9.813557056017236
9.813557056017236
9.817316866728223
9.893855801785165
9.861801708217913
9.996222876269622
9.981615497076023
9.981615497076023
10.972173168667283
9.650242382271468
9.704562942443829
9.543395083102492
9.858287165281626
9.858287165281626
11.083842143736534
9.67854820714066
9.855002500769467
9.859039319790705
9.650224107417667
9.585727339181286
9.585727339181286
9.588419513696522
9.722373230224685
9.800204870729456
9.709126846722068
9.74405971068021
9.74405971068021
10.837550977223762
9.738798476454294
9.924632579255155
9.752953793474916
9.84018159433672
9.840978955063097
10.57766620498615
9.450153893505695
9.622654085872576
9.712096029547553
9.605536318867344
9.813936018775008
9.813936018775008
10.139518890427825
9.618855801785164
9.72580120806402
9.584691443521084
9.687082563865804
9.687082563865804
10.581683787319175
9.716330986457372
9.57177785472453
9.699340181594337
9.664648738073254
9.664787242228378
10.868736534318252
9.688347376115727
9.625389542936288
9.814585257002154
9.779927477685442
9.65417243767313
9.65417243767313
9.791325215450907
9.57683133271776
9.612093144044321
9.685228147122192
9.660813904278239
9.660813904278239
10.890516312711604
9.820310095413973
9.858298707294551
9.720538050169283
9.770257194521392
9.770257194521392
10.605127539242844
9.697617536164973
9.664237072945522
9.691690712526931
9.658495883348722
9.637850107725454
9.637850107725454
10.022032740843336
9.729047399199754
9.894890735610957
9.586054362880887
9.633160203139427
9.633160203139427
10.64865920283164
9.740978955063097
9.510907202216066
9.810152162203755
9.59764446752847
9.59764446752847
10.835230070791013
9.636588180978762
9.61978108648815
9.591921552785472
9.712116228070176
9.584189365958757
9.584189365958757
9.595499576792859
9.593177708525701
9.570504385964913
9.662159510618652
9.612981879039705
9.612981879039705
10.85142351492767
9.607507117574638
9.593796168051709
9.64674322868575
9.567449599876886
9.567449599876886
10.71906163434903
9.50862380732533
9.648833294859957
9.637487496152662
9.697816635887966
9.699740304709142
9.699740304709142
9.603686711295783
9.699106455832563
9.722634849184365
9.622435749461372
9.613156932902431
9.613156932902431
10.740139273622653
9.550980109264389
9.606835757156048
9.59064038935057
9.592757386888273
9.592757386888273
10.567710257002155
9.6013263696522
9.621779778393352
9.666955216989843
9.730079447522314
9.468950061557402
9.468950061557402
9.690140235457063
9.694138581101878
9.709041243459525
9.568394121268083
9.731417359187443
9.731417359187443
10.435973568790397
9.691666666666666
9.720399546014159
9.549661434287474
9.70696945213912
9.70696945213912
10.82977743151739
9.888732109879964
9.945947791628193
9.608403547245306
9.58370460141582
9.724005463219452
10.049052593105571
9.615043090181594
9.601754385964913
9.774851877500769
9.751492767005232
9.622526161895967
9.622526161895967
10.772020236996
9.916085718682671
9.93277066020314
9.839100492459218
9.867667936288088
9.867667936288088
10.81184499076639
9.865359533702678
9.832892813173284
9.676318674976915
9.852769121268082
9.852769121268082
10.922877231455832
9.620349530624807
9.842210103108648
9.72184037396122
9.795045590951062
9.89682594644506
9.89682594644506
10.361920975684827
9.90422052939366
9.835605186211142
9.967316866728224
9.846344067405356
9.846344067405356
10.587900123114805
9.745017697753156
9.81326850569406
9.823057094490613
9.999671052631578
9.999671052631578
10.690900084641427
9.860189673745769
9.98300150046168
9.782775469375192
9.844046244998461
9.97591566635888
9.97591566635888
9.846069944598337
9.604747614650663
9.684834756848261
9.662397083718067
9.674140120036935
9.674140120036935
10.960329139735304
9.795766004924593
9.672639658356417
9.773210987996306
9.671887503847337
9.671887503847337
11.120472645429363
9.656395236996
9.689067790089258
9.586303477993228
9.666159779932286
9.674342105263158
9.674342105263158
9.965147930132348
9.745261041859033
9.574518120960295
9.65425226992921
9.738958140966451
9.738958140966451
10.915601915974145
9.657450369344414
9.851452369959988
9.813636888273315
9.766010695598645
9.766010695598645
10.814339989227454
9.731455832563865
9.754790897199138
9.682516735918744
9.677102570021544
9.856676092643891
9.856676092643891
9.82009175900277
9.78915243151739
9.700341451215758
9.8086574715297
9.799991343490305
9.799991343490305
10.752721991381964
9.913621498922746
9.974300746383502
9.97770179285934
9.934013350261619
9.934013350261619
10.850918551862112
9.921634541397353
9.81484014312096
9.699416166512773
9.828491458910435
9.960776392736227
9.960776392736227
9.92231648199446
9.76344836872884
9.665006540473993
9.798786164973839
9.635786972914744
9.635786972914744
10.638823484148968
9.687639465989536
9.635302208371806
9.792046591258849
9.754751461988304
9.754751461988304
11.046174784549091
9.803020160049245
9.864600646352724
9.862262426900585
9.915670206217298
9.915670206217298
10.943827908587258
9.898055170821792
9.650435710987995
9.779788973530318
9.543607648507233
9.605724838411819
9.605724838411819
9.736916166512772
9.823459141274238
9.87364381348107
10.003897353031702
9.869722414589104
9.869722414589104
10.614474646044936
9.596553747306864
9.596836526623576
9.712071983687288
9.869539666051093
9.869539666051093
10.824223799630655
9.738197329947676
9.627005424746075
9.674314212065251
9.566497383810404
9.674480609418282
9.674480609418282
9.751278277931672
9.541968682671591
9.536435249307479
9.68234552939366
9.725749269005847
9.725749269005847
10.64216297322253
9.84908337180671
9.890815443213297
9.716330986457372
9.559156663588796
9.559156663588796
10.26176227300708
9.586098607263773
9.634461565096952
9.586445829485996
9.568925053862728
9.568925053862728
10.220870844875346
9.681402931671283
9.540336449676824
9.55775430901816
9.564374615266235
9.595530355493999
9.753498191751309
9.58681325023084
9.540770236995998
9.743789435210834
9.526053208679594
9.719298245614034
9.719298245614034
10.99438961988304
9.721000692520775
9.716246345029239
9.733796937519237
9.6943040166205
9.6943040166205
10.962436518928902
9.503015350877194
9.632734110495537
9.571722068328716
9.740293167128348
9.727450754078179
9.727450754078179
9.802751808248692
9.689305363188673
9.659926131117267
9.696899045860265
9.71898084025854
9.71898084025854
10.955182363804248
9.672293397968605
9.706077831640505
9.77656875192367
9.772979185903354
9.817219721452755
10.981679939981532
9.768297937827024
9.94459929978455
9.766511811326563
9.646552785472453
9.762636580486303
9.762636580486303
10.39248999692213
9.784840527854724
9.534626038781163
9.610131001846723
9.553792513080948
9.553792513080948
10.45523334102801
9.572192405355494
9.684172052939365
9.560069444444444
9.572602146814404
9.668278701138812
9.668278701138812
9.729861111111111
9.676015697137581
9.57715739458295
9.49814943059403
9.720885272391506
9.720885272391506
10.9474655663281
9.654585064635272
9.49972395352416
9.70103012465374
9.644777239150509
9.644777239150509
10.765164281317329
9.614112996306556
9.647127000615574
9.644688750384734
9.794880155432441
9.814743959679902
9.814743959679902
9.707047360726378
9.558790204678363
9.570965104647584
9.690894313634965
9.70971933671899
9.70971933671899
10.616679170514004
9.542275507848569
9.674343067097569
9.71096106494306
9.693092105263158
9.691303093259464
10.007928401046476
9.694335757156049
9.61019544475223
9.665215258541089
9.731043205601724
9.619087603878116
9.619087603878116
10.663902354570638
9.656660703293321
9.76443040166205
9.669843605724838
9.621575869498308
9.621575869498308
10.975599222837797
9.68568501846722
9.695104262850109
9.877923976608187
9.83507906278855
9.83342566943675
9.83342566943675
9.81820752539243
9.91542974761465
9.832169513696522
9.917898776546629
9.99873903508772
9.99873903508772
11.278305824869191
9.842610226223453
9.704200330871037
9.829233995075407
9.855979724530625
9.855979724530625
10.607404201292706
9.893785587873191
9.83360553247153
9.613369498307172
9.823569752231457
9.755487265312404
9.755487265312404
9.74649892274546
9.653017274546015
9.819055863342568
9.636139966143428
9.659902085257002
9.659902085257002
11.060597491535857
9.768086334256694
9.691846529701447
9.751321560480148
9.788961026469684
9.789596799015081
10.943501846722068
9.677594067405355
9.7417695829486
9.673157125269313
9.64965566328101
9.58578120190828
9.58578120190828
10.405600761772853
9.678677092951677
9.78341028008618
9.752333410280086
9.786237111418899
9.786237111418899
10.42588296398892
9.74422418436442
9.653298130193907
9.671152662357649
9.610887965527855
9.725924322868575
9.725924322868575
9.647494421360419
9.671606648199447
9.507173361034164
9.772983995075407
9.70983187134503
9.70983187134503
10.708354493690367
9.732449407510003
9.758513196368114
9.7963661895968
9.781304824561403
9.781304824561403
10.523410087719299
9.528180786395813
9.52704485995691
9.676222491535857
9.658892159125886
9.712191251154202
9.712191251154202
9.813877346875962
9.759120113881194
9.671325792551555
9.811750730994152
9.654757232994768
9.654757232994768
10.65162069098184
9.824568136349646
9.86901161895968
9.801999653739612
9.797351108033242
9.797351108033242
10.849580640196983
9.610136772853185
9.61706486611265
9.649079524469068
9.882432094490612
9.882432094490612
10.58676515851031
9.893132502308402
9.92383906586642
9.80273160972607
9.896375807940904
9.87855109264389
9.87855109264389
9.769705101569715
9.838765774084333
9.892466912896277
9.861742074484457
10.01935307017544
10.01935307017544
10.754825523237919
9.963409895352417
9.770655393967374
9.781334641428131
9.936957525392428
9.962887619267468
10.585773507232995
9.935021352723915
9.869577177593106
9.883807517697754
9.806123999692213
9.812612534626039
9.812612534626039
11.047626192674668
9.678819444444445
9.839013927362265
9.883904662973222
9.770801592797785
9.770801592797785
10.926712065250847
9.678510695598646
9.784763581101878
9.64816770544783
9.543785587873192
9.66136984456756
9.66136984456756
9.632317636195753
9.728947368421053
9.703099030470915
9.869490612496152
9.839699715297014
9.839699715297014
11.072182787011387
9.758535318559558
9.996011272699292
9.95307498461065
9.930131386580486
9.930131386580486
10.985381078793475
9.854991920590951
9.781488534933827
9.953186557402278
9.981613573407202
9.960627308402586
9.960627308402586
9.966719567559249
9.796100723299476
9.868418167128347
9.765061365035395
9.897587719298246
9.897587719298246
11.427247807017544
9.975760811018775
9.883107302246845
9.81065327793167
9.877068905817174
9.877068905817174
10.981509695290859
9.92027354570637
9.864932479224377
9.706508733456449
9.759022968605725
9.884602954755309
9.884602954755309
10.125452062172977
9.723841951369652
9.814771852877808
9.981834795321637
9.85942309172053
9.85942309172053
11.506028778085565
9.926986188057864
9.692918013234841
9.80515350877193
9.817399584487534
9.880947022160665
9.880947022160665
9.861836334256694
9.8795966066482
9.859020083102493
9.860523430286243
9.774354609110496
9.774354609110496
11.366683979686057
9.799064135118497
9.846886542012927
10.00520256232687
9.88290050784857
9.88290050784857
11.417378424130503
9.96282894736842
9.909648160972607
9.806929055093875
9.876008964296707
10.011881540473992
10.011881540473992
9.917100453985842
9.753477031394276
9.894719529085872
9.902402662357648
9.872983995075408
9.872983995075408
10.725356840566327
10.01866920590951
9.895668859649122
9.729904393659588
9.755937403816558
9.84139446752847
9.84139446752847
9.686461218836564
9.91348395660203
9.699146852877808
9.688490689442906
9.706552977839335
9.706552977839335
11.140268159433672
9.773690943367189
9.700675207756232
9.768384502923977
9.903277931671283
9.903277931671283
11.18656702062173
9.76063404124346
9.893845221606648
9.976384079716835
9.87591566635888
9.96845567867036
9.96845567867036
9.934722222222222
9.949405586334256
9.830897006771314
9.976332140658664
9.99675957987073
9.99675957987073
11.000724261311174
9.953716528162511
9.926497576177285
9.878091335795629
9.724454639889197
9.992727570021545
10.3727108341028
9.97148353339489
9.951483148661126
9.816499307479225
9.801703408741151
9.772168359495229
9.772168359495229
10.96965123884272
9.802343028624191
9.925492459218221
9.921800938750385
9.85490727916282
9.85490727916282
11.212783741151123
9.901185941828254
9.933352570021546
9.888573407202216
9.88201850569406
9.777513273314867
9.777513273314867
9.70472645429363
9.833754616805171
9.574521968297939
9.725233725761774
9.471487380732533
9.471487380732533
10.859809749153586
9.728931979070483
9.726333102493074
9.733686326562019
9.772441520467837
9.780147737765466
10.371125730994152
9.761969067405355
9.680309325946444
9.639829562942444
9.682392659279778
9.733029393659587
9.733029393659587
11.1291878270237
9.674997114496769
9.598715951061866
9.799521968297938
9.69541878270237
9.69541878270237
10.894478108648816
9.63695944906125
9.641601261926747
9.699194944598338
9.679314789165897
9.707797591566635
9.707797591566635
9.678790589412127
9.634057594644506
9.607360918744229
9.568369113573407
9.536358302554632
9.536358302554632
10.983820983379502
9.72706024930748
9.72985822560788
9.684332679285934
9.559928054786088
9.562881848261004
10.541880193905817
9.666641658971992
9.608864265927977
9.65803324099723
9.66354647583872
9.578634772237612
9.578634772237612
10.791277123730378
9.685083871960604
9.74990285472453
9.750176977531549
9.664883425669437
9.664883425669437
11.02768159433672
9.594573330255463
9.733008233302554
9.62051592797784
9.441431017236072
9.558162126808249
9.558162126808249
9.544850338565713
9.701744767620806
9.533165974145891
9.696950023084026
9.602810480147738
9.602810480147738
10.521658587257617
9.620461103416435
9.635285857186826
9.699784549092028
9.632249345952602
9.632249345952602
10.94563134810711
9.61652527700831
9.583452600800246
9.51356378885811
9.607484995383194
9.550055786395815
9.550055786395815
10.843271006463528
9.547582910126193
9.57633887349954
9.462066212680824
9.646851915974146
9.646851915974146
10.685320483225608
9.563601300400123
9.564673745767928
9.558014966143428
9.72380732533087
9.746344067405355
9.746344067405355
9.7451581255771
9.615745229301323
9.694080871037242
9.530191020313943
9.725476108033241
9.725476108033241
10.711561249615267
9.476925592489996
9.556868459526008
9.581573176361957
9.511620883348723
9.511620883348723
10.464124538319483
9.720540935672515
9.62244536780548
9.677873961218836
9.712295129270546
9.571344067405356
9.571344067405356
10.381173053247153
9.51873364881502
9.621059364419821
9.686674746075715
9.578199061249615
9.578199061249615
11.052998037857803
9.66909337488458
9.667412088334872
9.655798899661434
9.60248730378578
9.755620960295476
9.755620960295476
9.40620094644506
9.549430594028932
9.51920975684826
9.518943328716528
9.558418936595876
9.558418936595876
10.676986188057864
9.570766966759003
9.62670340874115
9.627866266543553
9.651761118805787
9.651761118805787
10.980254501385042
9.818031509695292
9.64195040781779
9.774534472145275
9.643599953831949
9.664848799630656
9.664848799630656
10.097261657433057
9.650794475223146
9.606669359803016
9.484976146506618
9.722590604801477
9.722590604801477
10.880650777162204
9.61016178054786
9.785726377346876
9.55973761157279
9.597457871652816
9.597457871652816
10.362903970452447
9.936463142505387
9.843817328408742
9.827431517389966
9.818479724530626
9.736070714065866
9.736070714065866
10.440596144967682
9.665353762696213
9.492824715297015
9.460778316405047
9.446450831024931
9.446450831024931
11.208941212680825
9.68926592797784
9.765408587257618
9.584910741766697
9.593410472453062
9.518739419821484
9.518739419821484
9.624470029239767
9.42076119575254
9.542279355186212
9.669914781471222
9.617989188981225
9.617989188981225
10.807095452446907
9.606310595567868
9.730108302554632
9.504258040935673
9.527033317943983
9.527033317943983
10.898966028008617
9.676026277316097
9.61981378885811
9.81747364573715
9.748588027085257
9.850502077562327
9.850502077562327
9.760999538319483
9.611119767620806
9.62637349953832
9.647641582025239
9.529088758079409
9.529088758079409
10.825649238227147
9.670711180363188
9.711481417359188
9.614566020313942
9.588426246537397
9.588426246537397
10.7926688981225
9.532743728839643
9.546394082794706
9.605680594028932
9.6132175284703
9.68268794244383
9.68268794244383
10.007045437057556
9.635604224376731
9.513691712834719
9.606721298861189
9.560395506309634
9.560395506309634
10.529181094182826
9.56794783010157
9.567365920283164
9.906718413357956
9.89733283317944
9.740392236072637
9.73884272083718
9.438990843336411
9.346778816558942
9.564482340720222
9.65767255309326
9.62828947368421
9.62828947368421
10.834283625730993
9.755816212680825
9.587364381348108
9.569012580794091
9.564375577100646
9.564375577100646
10.854961141889813
9.62966297322253
9.536728608802708
9.647256848261003
9.490900084641428
9.467904547553093
9.467904547553093
9.751745729455218
9.568573022468453
9.73424226685134
9.681176900584795
9.715211411203446
9.715211411203446
10.755532471529701
9.541854224376731
9.646462373037858
9.593637465373961
9.710293551862112
9.710293551862112
10.989994998461064
9.918065173899661
9.726822676208064
9.97158067867036
9.924913434903047
9.876515851031087
9.830681555863343
9.601689943059403
9.803719413665743
9.644368459526008
9.808457409972299
9.689861303477993
9.689861303477993
10.780945098491843
9.657459987688519
9.655233341028008
9.624667205293937
9.42431132656202
9.42431132656202
10.71628000923361
9.51932421514312
9.610952408433365
9.617366882117574
9.709093182517698
9.602491151123422
9.602491151123422
9.43265620190828
9.606045129270544
9.641139581409664
9.646625884887658
9.664177439212065
9.664177439212065
10.800596337334564
9.608492997845492
9.585657125269314
9.602116035703293
9.50836218836565
9.50836218836565
11.147452100646353
9.642386118805787
9.430147737765466
9.575585757156048
9.680681555863343
9.658700754078177
9.658700754078177
9.565027700831024
9.670163896583563
9.67735457063712
9.69723664973838
9.948491843644199
9.948491843644199
10.955685403200984
9.692658317943982
9.499680670975685
9.701251346568174
9.610647506925208
9.948188865804863
9.948188865804863
9.766798437980917
9.566229032009849
9.777671014158203
9.631214412126809
9.675766582025238
9.675766582025238
10.713180016928286
9.797967643890427
9.832942828562635
9.85962219144352
9.691012619267466
9.691012619267466
10.705761388119422
9.41848934287473
9.536793051708218
9.487295129270544
9.515578831948291
9.494983071714374
9.494983071714374
9.836007232994767
9.55854108956602
9.496043013234841
9.60737726992921
9.527021775931056
9.527021775931056
10.88648622653124
9.604650469375192
9.70444944598338
9.555336257309941
9.554473491843645
9.568598030163127
10.328686711295783
9.448042666974453
9.607828370267775
9.427590220067714
9.38954678362573
9.464166859033549
9.464166859033549
10.67607917820868
9.707470567867036
9.715818328716528
9.760858148661127
9.681296168051707
9.681296168051707
10.886677631578948
9.292617920898739
9.444024122807017
9.412015235457064
9.390144082794706
9.36955409356725
9.372957063711912
9.486808441058788
9.418974107417666
9.561360226223453
9.556673207140658
9.605638273314867
9.605638273314867
10.802296860572485
9.581958871960603
9.435861995998769
9.509826100338566
9.555593067097568
9.555593067097568
10.71264812249923
9.567978608802708
9.581700138504155
9.64667782394583
9.457076215758695
9.522023122499231
9.522023122499231
9.4705669052016
9.542089873807326
9.553921398891967
9.62469028931979
9.52802881655894
9.52802881655894
11.015481686672823
9.540738496460449
9.489084141274239
9.43247826254232
9.648390851031087
9.648390851031087
10.988207910126192
9.390891428131733
9.390423976608187
9.550316443521083
9.431149007386889
9.557662934749153
9.557662934749153
9.774122807017545
9.77480282394583
9.650075984918436
9.536487188365651
9.402383425669436
9.402383425669436
10.564486188057863
9.300046168051708
9.586547783933518
9.621175746383503
9.479426361957525
9.81006367343798
9.814616997537703
9.704854378270237
9.594721452754694
9.543135387811635
9.735266620498615
9.503517428439519
9.503517428439519
10.466461795937212
9.559872268390274
9.593146929824561
9.58615920283164
9.553473184056633
9.553473184056633
10.729414819944598
9.575222183748846
9.423158087103724
9.353118267159125
9.426856340412435
9.414877654662973
9.414877654662973
9.337021006463527
9.518303708833487
9.32855013080948
9.410629232071406
9.531363496460449
9.531363496460449
10.497308787319175
9.458282356109573
9.51042051400431
9.468253693444137
9.444792628501077
9.444792628501077
10.772564635272392
9.438762888581103
9.371758618036319
9.464371729763004
9.338194444444444
9.422093336411203
9.422093336411203
9.48897353031702
9.490977993228686
9.178049015081564
9.479540820252385
9.64867555401662
9.64867555401662
10.886534318251769
9.435016543551862
9.521725915666359
9.465319136657433
9.475435710987997
9.475435710987997
10.689436172668513
9.425428016312711
9.237833756540473
9.52053516466605
9.597429016620499
9.489475607879347
9.489475607879347
10.89082025238535
9.489393851954448
9.468589373653431
9.421215181594336
9.525468413357956
9.525468413357956
10.687656779008925
9.55282971683595
9.541584910741767
9.45180055401662
9.63393351800554
9.991498345644814
9.991498345644814
9.998910241612803
9.903766543551862
9.790285472453062
9.858636311172669
9.908915243151739
9.908915243151739
11.140046937519237
9.879086834410588
9.742328408741152
9.794459833795013
9.64790608648815
9.64790608648815
10.238405086180363
9.654885156971377
9.551040704832255
9.526221529701447
9.78867920898738
9.770676554324407
9.770676554324407
9.66804689904586
9.625257771622037
9.86091297322253
9.569213604185903
9.625175053862726
9.625175053862726
10.525266428131733
9.663782125269314
9.668169052016005
9.747958987380732
9.590834679901509
9.805524776854417
10.434682787011388
9.574245921822099
9.833036126500462
9.698125384733764
9.785710987996307
9.66009445213912
9.66009445213912
10.899152623884271
9.835177169898431
9.76169879193598
9.75868632656202
9.86384175900277
9.86384175900277
11.098307171437366
9.77470375500154
9.519030855647891
9.692713142505387
9.797665627885504
9.508373730378578
9.508373730378578
9.807357071406587
9.684258618036319
9.712049861495846
9.582265697137581
9.749596029547552
9.749596029547552
10.670819867651586
9.525675207756233
9.480601723607263
9.418339296706678
9.403663627269928
9.403663627269928
10.67746999076639
9.485875461680518
9.346261349646046
9.557097376115728
9.307121421975992
9.303651123422592
9.303651123422592
10.323239843028624
9.375025007694676
9.454990958756541
9.352327639273623
9.356492382271469
9.356492382271469
10.470087911665127
9.317488073253308
9.41658875807941
9.330048668821176
9.432386888273316
9.522769506001847
9.522769506001847
9.358510310864881
9.420261041859034
9.320922783933518
9.415480724838412
9.397649276700523
9.397649276700523
10.539848799630656
9.299400777162203
9.340742343798091
9.459020083102493
9.535244498307172
9.535244498307172
11.023798668821176
9.38720664050477
9.501525469375192
9.529130116959065
9.677619075100031
9.346550861803632
9.346550861803632
9.60574215143121
9.4775527085257
9.410432056017235
9.416557017543859
9.272198176361957
9.272198176361957
10.281277893197908
9.430468990458603
9.344480032317636
9.41351473530317
9.432455178516467
9.50914512157587
9.738364689135118
9.460530163127116
9.459217259156663
9.418036318867344
9.501610110803323
9.480724838411819
9.480724838411819
10.55294609879963
9.407619652200678
9.458072676208063
9.498798668821175
9.511263080947984
9.511263080947984
10.591160741766698
9.344984033548783
9.391872499230532
9.461576638965836
9.41848838104032
9.386590104647583
9.318188288704217
9.634626038781164
9.42678516466605
9.535759079716836
9.41593663434903
9.532472491535858
9.532472491535858
10.656689558325638
9.719488688827331
9.65497364573715
9.534421168051708
9.789412126808248
9.789412126808248
10.676230186211141
9.60538338719606
9.603570329332102
9.771981763619575
9.596649930747922
9.631765543244075
9.631765543244075
9.560141582025238
9.633210218528777
9.574476762080641
9.675860841797476
9.728864650661743
9.728864650661743
10.458028431825177
9.587037357648507
9.631374076638966
9.745427439212065
9.485430132348414
9.485430132348414
10.69090200831025
9.544129924592182
9.722819521391198
9.701973684210527
9.550566520467836
9.917983417974762
9.917983417974762
9.918457602339181
9.776708217913203
